TubeName = '12AU7A';
Source = 'Tom Mitchell';  TubeType = 'TRIODE';
VGP = 0:-4:-20;  axset = [0 400 0 .03];
Vp = [80 160 180 260 280 360 280 360];
Vg = [0   0   -8  -8 -16 -16 -20 -20];
Idata = [.00974 .0240 .00347 .0126 .00190 .00801 .00029 .00298];
