TubeName = '12AU7';
Source = 'Sylvania Technical Manual';
VCT = 0;
VGP = 5:-5:-30;  axset = [0 400 0 .05];
Vp =    [100   250   320   270   400   350  50   20  ];
Vg =    [0     0     0     -5    -20   -10  5    5   ];
Idata = [.0135 .0407 .054 .025  .0077 .023 .019 .011];
