TubeName = '12AX7A';
Source = 'Sylvania Technical Manual (6AV6)';
VGP = 0:-.5:-4;  axset = [0 450 0 .004];
MU = 100;  VCT = .5;  Vpmax = 450;
Vp =    [10    50     100    120   220   200    300   300];
Vg =    [0     0      0      -1    -1    -2     -2    -3];
Idata = [.0003 .0012 .00212 .00075 .0025 .00056 .0021 .0006];
