TubeName = '6SN7';
Source = 'Sylvania Technical Manual';
VGP = 4:-4:-28;  axset = [0 500 0 .03];
Vpmax = 500; MU = 20;
Vp =    [80    160   250   180   260   300  400   400   450   500   20];
Vg =    [0     0     -4    -8    -8    -16  -12   -16   -24   -28   4];
Idata = [.0083 .0210 .022 .0020 .0101 .0005 .0194 .0079 .0013 .0009 .0097];
